60.023	0.00001	0	0	0	1	1	1	0	0	0	0	0	0	MAGIC.1
2840.962	0.005	1	0	0	2	1	1	0	0	0	3	1	2	84AmWa.02
2871.897	0.04	1	0	0	2	0	2	0	0	0	3	0	3	84AmWa.03
2874.811	0.005	1	0	0	2	1	2	0	0	0	3	1	3	84AmWa.04
2887.37	0.005	1	0	0	1	1	0	0	0	0	2	1	1	84AmWa.05
2906.523	0.005	1	0	0	1	0	1	0	0	0	2	0	2	84AmWa.06
2911.635	0.005	1	0	0	1	1	1	0	0	0	2	1	2	84AmWa.07
2946.802	0.005	1	0	0	0	0	0	0	0	0	1	0	1	84AmWa.08
2952.94	0.005	1	0	0	2	1	2	0	0	0	2	1	1	84AmWa.09
2975.064	0.005	1	0	0	3	3	1	0	0	0	3	3	0	84AmWa.10
2978.045	0.005	1	0	0	1	1	1	0	0	0	1	1	0	84AmWa.11
2978.492	0.005	1	0	0	3	3	0	0	0	0	3	3	1	84AmWa.12
2979.987	0.005	1	0	0	2	2	1	0	0	0	2	2	0	84AmWa.13
2991.162	0.005	1	0	0	2	2	0	0	0	0	2	2	1	84AmWa.14
3003.276	0.005	1	0	0	1	1	0	0	0	0	1	1	1	84AmWa.15
3028.263	0.005	1	0	0	2	1	1	0	0	0	2	1	2	84AmWa.16
3038.177	0.005	1	0	0	1	0	1	0	0	0	0	0	0	84AmWa.17
3068.845	0.005	1	0	0	2	1	2	0	0	0	1	1	1	84AmWa.18
3077.611	0.005	1	0	0	2	0	2	0	0	0	1	0	1	84AmWa.19
3094.671	0.005	1	0	0	2	1	1	0	0	0	1	1	0	84AmWa.20
3104.207	0.005	1	0	0	3	1	3	0	0	0	2	1	2	84AmWa.21
3109.645	0.005	1	0	0	3	0	3	0	0	0	2	0	2	84AmWa.22
3137.007	0.005	1	0	0	4	1	4	0	0	0	3	1	3	84AmWa.23
3139.197	0.005	1	0	0	4	0	4	0	0	0	3	0	3	84AmWa.24
3141.131	0.005	1	0	0	3	1	2	0	0	0	2	1	1	84AmWa.25
3168.702	0.005	1	0	0	5	0	5	0	0	0	4	0	4	84AmWa.26
3178.973	0.005	1	0	0	4	1	3	0	0	0	3	1	2	84AmWa.27
12.422637	0.000007	0	0	0	1	1	0	0	0	0	1	1	1	84BoDeDeDe.1
12.422638	0.000001	0	0	0	1	1	0	0	0	0	1	1	1	84WaCoPeWo.1
2839.387	0.005	1	0	0	3	1	3	0	0	0	4	1	4	85Amano.01
2840.962	0.005	1	0	0	2	1	1	0	0	0	3	1	2	85Amano.02
2871.937	0.005	1	0	0	2	0	2	0	0	0	3	0	3	85Amano.03
2874.811	0.005	1	0	0	2	1	2	0	0	0	3	1	3	85Amano.04
2887.37	0.005	1	0	0	1	1	0	0	0	0	2	1	1	85Amano.05
2904.657	0.005	1	0	0	2	0	2	0	0	0	2	2	1	85Amano.06
2906.523	0.005	1	0	0	1	0	1	0	0	0	2	0	2	85Amano.07
2911.635	0.005	1	0	0	1	1	1	0	0	0	2	1	2	85Amano.08
2946.802	0.005	1	0	0	0	0	0	0	0	0	1	0	1	85Amano.09
2952.94	0.005	1	0	0	2	1	2	0	0	0	2	1	1	85Amano.10
2963.513	0.005	1	0	0	3	2	2	0	0	0	3	2	1	85Amano.11
2975.064	0.005	1	0	0	3	3	1	0	0	0	3	3	0	85Amano.12
2978.045	0.005	1	0	0	1	1	1	0	0	0	1	1	0	85Amano.13
2978.492	0.005	1	0	0	3	3	0	0	0	0	3	3	1	85Amano.14
2979.987	0.005	1	0	0	2	2	1	0	0	0	2	2	0	85Amano.15
2991.162	0.005	1	0	0	2	2	0	0	0	0	2	2	1	85Amano.16
3003.276	0.005	1	0	0	1	1	0	0	0	0	1	1	1	85Amano.17
3009.123	0.005	1	0	0	3	2	1	0	0	0	3	2	2	85Amano.18
3028.263	0.005	1	0	0	2	1	1	0	0	0	2	1	2	85Amano.19
3038.177	0.005	1	0	0	1	0	1	0	0	0	0	0	0	85Amano.20
3063.006	0.005	1	0	0	3	1	2	0	0	0	3	1	3	85Amano.21
3068.845	0.005	1	0	0	2	1	2	0	0	0	1	1	1	85Amano.22
3072.19	0.005	1	0	0	2	2	1	0	0	0	2	0	2	85Amano.23
3077.611	0.005	1	0	0	2	0	2	0	0	0	1	0	1	85Amano.24
3094.671	0.005	1	0	0	2	1	1	0	0	0	1	1	0	85Amano.25
3104.207	0.005	1	0	0	3	1	3	0	0	0	2	1	2	85Amano.26
3109.645	0.005	1	0	0	3	0	3	0	0	0	2	0	2	85Amano.27
3121.202	0.005	1	0	0	3	2	2	0	0	0	2	2	1	85Amano.28
3137.007	0.005	1	0	0	4	1	4	0	0	0	3	1	3	85Amano.29
3139.197	0.005	1	0	0	4	0	4	0	0	0	3	0	3	85Amano.30
3140.044	0.005	1	0	0	3	2	1	0	0	0	2	2	0	85Amano.31
3141.131	0.005	1	0	0	3	1	2	0	0	0	2	1	1	85Amano.32
3160.971	0.005	1	0	0	4	2	3	0	0	0	3	2	2	85Amano.33
3168.702	0.005	1	0	0	5	1	5	0	0	0	4	1	4	85Amano.34
3178.973	0.005	1	0	0	4	1	3	0	0	0	3	1	2	85Amano.35
3193.963	0.005	1	0	0	4	2	2	0	0	0	3	2	1	85Amano.36
3208.187	0.005	1	0	0	5	1	4	0	0	0	4	1	3	85Amano.37
5.2031717	0.000001	0	0	0	2	2	0	0	0	0	2	2	1	85SaKaHi.1
1837.573	0.001	0	1	0	6	1	5	0	0	0	7	1	6	86FoMcPeWa.01
1837.6876	0.001	0	1	0	6	2	5	0	0	0	7	2	6	86FoMcPeWa.02
1892.5414	0.001	0	1	0	5	0	5	0	0	0	6	0	6	86FoMcPeWa.03
1892.5577	0.001	0	1	0	5	1	5	0	0	0	6	1	6	86FoMcPeWa.04
1895.9949	0.001	0	1	0	5	1	4	0	0	0	6	1	5	86FoMcPeWa.05
1896.3448	0.001	0	1	0	5	2	4	0	0	0	6	2	5	86FoMcPeWa.06
1952.024	0.001	0	1	0	4	1	3	0	0	0	5	1	4	86FoMcPeWa.07
2012.621	0.005	0	1	0	3	0	3	0	0	0	4	0	4	86FoMcPeWa.08
2013.01	0.005	0	1	0	3	1	3	0	0	0	4	1	4	86FoMcPeWa.09
2053.211	0.005	0	1	0	2	1	1	0	0	0	3	1	2	86FoMcPeWa.10
2060.684	0.005	0	1	0	2	2	1	0	0	0	3	2	2	86FoMcPeWa.11
2066.958	0.005	0	1	0	2	0	2	0	0	0	3	0	3	86FoMcPeWa.12
2068.68	0.005	0	1	0	2	1	2	0	0	0	3	1	3	86FoMcPeWa.13
2081.851	0.005	0	1	0	4	1	4	0	0	0	3	3	1	86FoMcPeWa.14
2102.488	0.005	0	1	0	1	1	0	0	0	0	2	1	1	86FoMcPeWa.15
2108.633	0.005	0	0	1	2	2	1	0	0	0	3	3	0	86FoMcPeWa.16
2111.226	0.005	0	0	1	2	2	0	0	0	0	3	3	1	86FoMcPeWa.17
2115.046	0.005	0	1	0	1	0	1	0	0	0	2	0	2	86FoMcPeWa.18
2119.938	0.005	0	1	0	1	1	1	0	0	0	2	1	2	86FoMcPeWa.19
2157.701	0.005	0	0	1	2	1	1	0	0	0	3	2	2	86FoMcPeWa.20
2160.176	0.005	0	1	0	0	0	0	0	0	0	1	0	1	86FoMcPeWa.21
2186.344	0.005	0	1	0	1	1	1	0	0	0	1	1	0	86FoMcPeWa.22
2190.664	0.005	0	0	1	1	1	0	0	0	0	2	2	1	86FoMcPeWa.23
2208.417	0.005	0	1	0	2	2	0	0	0	0	2	2	1	86FoMcPeWa.24
2218.393	0.005	0	1	0	1	1	0	0	0	0	1	1	1	86FoMcPeWa.25
2223.706	0.005	0	0	1	2	0	2	0	0	0	3	1	3	86FoMcPeWa.26
2225.501	0.005	0	1	0	3	2	1	0	0	0	3	2	2	86FoMcPeWa.27
2239.637	0.035	0	0	1	2	1	2	0	0	0	3	0	3	86FoMcPeWa.28
2240.512	0.005	0	1	0	2	1	1	0	0	0	2	1	2	86FoMcPeWa.29
2242.303	0.005	0	0	1	2	2	1	0	0	0	3	1	2	86FoMcPeWa.30
2245.109	0.005	0	0	1	1	0	1	0	0	0	2	1	2	86FoMcPeWa.31
2246.697	0.005	0	1	0	1	0	1	0	0	0	0	0	0	86FoMcPeWa.32
2257.495	0.005	0	0	1	3	2	1	0	0	0	3	3	0	86FoMcPeWa.33
2261.176	0.005	0	0	1	4	0	4	0	0	0	4	1	3	86FoMcPeWa.34
2263.807	0.005	0	0	1	3	1	3	0	0	0	3	2	2	86FoMcPeWa.35
2271.135	0.005	0	0	1	1	1	1	0	0	0	2	0	2	86FoMcPeWa.36
2272.395	0.005	0	0	1	2	1	2	0	0	0	2	2	1	86FoMcPeWa.37
2275.403	0.005	0	0	1	0	0	0	0	0	0	1	1	1	86FoMcPeWa.38
2279.085	0.005	0	0	1	4	1	3	0	0	0	4	2	2	86FoMcPeWa.39
2283.81	0.005	0	1	0	2	2	1	0	0	0	2	0	2	86FoMcPeWa.40
2284.565	0.005	0	0	1	3	0	3	0	0	0	3	1	2	86FoMcPeWa.41
2287.118	0.005	0	1	0	4	1	3	0	0	0	4	1	4	86FoMcPeWa.42
2288.623	0.005	0	0	1	2	1	1	0	0	0	2	2	0	86FoMcPeWa.43
2290.658	0.005	0	1	0	5	1	5	0	0	0	4	1	4	86FoMcPeWa.44
2301.83	0.005	0	0	1	2	0	2	0	0	0	2	1	1	86FoMcPeWa.45
2311.512	0.005	0	0	1	1	0	1	0	0	0	1	1	0	86FoMcPeWa.46
2380.824	0.005	0	0	1	2	1	1	0	0	0	2	0	2	86FoMcPeWa.47
2381.367	0.005	0	1	0	2	2	0	0	0	0	1	0	1	86FoMcPeWa.48
2393.633	0.005	0	0	1	2	2	0	0	0	0	2	1	1	86FoMcPeWa.49
2402.795	0.005	0	0	1	1	1	1	0	0	0	0	0	0	86FoMcPeWa.50
2417.734	0.005	0	0	1	2	0	2	0	0	0	1	1	1	86FoMcPeWa.51
2429.647	0.04	0	0	1	2	2	1	0	0	0	2	1	2	86FoMcPeWa.52
2445.348	0.005	0	0	1	2	1	2	0	0	0	1	0	1	86FoMcPeWa.53
2445.606	0.04	0	0	1	3	1	2	0	0	0	2	2	1	86FoMcPeWa.54
2448.627	0.005	0	1	0	3	2	1	0	0	0	2	0	2	86FoMcPeWa.55
2466.041	0.005	0	0	1	3	3	1	0	0	0	3	2	2	86FoMcPeWa.56
2471.865	0.005	0	0	1	3	0	3	0	0	0	2	1	2	86FoMcPeWa.57
2486.932	0.005	0	0	1	3	1	3	0	0	0	2	0	2	86FoMcPeWa.58
2490.782	0.005	0	0	1	4	2	3	0	0	0	4	1	4	86FoMcPeWa.59
2496.014	0.005	0	0	1	2	2	1	0	0	0	1	1	0	86FoMcPeWa.60
2505.693	0.005	0	0	1	4	1	3	0	0	0	3	2	2	86FoMcPeWa.61
2509.541	0.04	0	0	1	2	2	0	0	0	0	1	1	1	86FoMcPeWa.62
2512.598	0.005	0	1	0	3	3	1	0	0	0	2	1	2	86FoMcPeWa.63
2523.271	0.005	0	0	1	4	0	4	0	0	0	3	1	3	86FoMcPeWa.64
2523.953	0.005	0	0	1	4	1	4	0	0	0	3	0	3	86FoMcPeWa.65
2534.328	0.005	0	0	1	3	2	2	0	0	0	2	1	1	86FoMcPeWa.66
2537.2	0.005	0	1	0	4	2	2	0	0	0	3	0	3	86FoMcPeWa.67
2568.302	0.005	0	0	1	4	2	3	0	0	0	3	1	2	86FoMcPeWa.68
2571.585	0.005	0	0	1	5	0	5	0	0	0	4	1	4	86FoMcPeWa.69
2572.755	0.005	0	0	1	5	1	5	0	0	0	4	0	4	86FoMcPeWa.70
2578.462	0.005	0	0	1	3	2	1	0	0	0	2	1	2	86FoMcPeWa.71
2596.96	0.005	0	0	1	3	3	1	0	0	0	2	2	0	86FoMcPeWa.72
2602.146	0.005	0	0	1	3	3	0	0	0	0	2	2	1	86FoMcPeWa.73
4271.0174	0.011	0	2	0	1	1	1	0	0	0	1	1	0	02FaDaKo.01
4301.6315	0.017	0	2	0	1	1	0	0	0	0	1	1	1	02FaDaKo.02
4352.3589	0.007	0	2	0	2	1	2	0	0	0	1	1	1	02FaDaKo.03
4394.3288	0.011	0	2	0	2	1	1	0	0	0	1	1	0	02FaDaKo.04
4538.4054	0.024	0	0	2	1	1	1	0	0	0	2	1	2	02FaDaKo.05
4422.7188	0.004	0	1	1	1	0	1	0	0	0	1	1	0	02FaDaKo.06
4495.8809	0.011	0	1	1	2	0	2	0	0	0	1	1	1	02FaDaKo.07
4512.5665	0.011	0	1	1	1	1	1	0	0	0	0	0	0	02FaDaKo.08
5.203172	0.000005	0	0	0	2	2	0	0	0	0	2	2	1	05AmHi.01
12.422638	0.000005	0	0	0	1	1	0	0	0	0	1	1	1	05AmHi.02
21.562591	0.000005	0	0	0	3	2	1	0	0	0	3	2	2	05AmHi.03
6459.031	0.005	0	2	1	2	0	2	0	0	0	1	1	1	06HlKoPlKo.01
6466.501	0.008	0	2	1	1	1	1	0	0	0	0	0	0	06HlKoPlKo.02
6491.322	0.023	0	2	1	2	1	2	0	0	0	1	0	1	06HlKoPlKo.03
45.703145	0.003005	0	0	0	1	0	1	0	0	0	0	0	0	06Amano.1
85.951336	0.000305	0	0	0	2	0	2	0	0	0	1	0	1	06Amano.2
103.482565	0.000005	0	0	0	2	1	1	0	0	0	1	1	0	06Amano.3
115.201458	0.000005	0	0	0	3	1	3	0	0	0	2	1	2	06Amano.4
6241.966	0.005	0	3	0	0	0	0	0	0	0	1	0	1	07AsHuMuKu.01
6270.392	0.005	0	3	0	1	1	1	0	0	0	1	1	0	07AsHuMuKu.02
6303.784	0.005	0	3	0	1	1	0	0	0	0	1	1	1	07AsHuMuKu.03
6330.973	0.005	0	3	0	1	0	1	0	0	0	0	0	0	07AsHuMuKu.04
6340.688	0.005	0	2	1	0	0	0	0	0	0	1	1	1	07AsHuMuKu.05
6369.46	0.005	0	2	1	1	0	1	0	0	0	1	1	0	07AsHuMuKu.06
6433.742	0.005	0	2	1	1	1	0	0	0	0	1	0	1	07AsHuMuKu.07
6459.036	0.005	0	2	1	2	0	2	0	0	0	1	1	1	07AsHuMuKu.08
6466.532	0.005	0	2	1	1	1	1	0	0	0	0	0	0	07AsHuMuKu.09
6483.576	0.005	0	2	1	3	0	3	0	0	0	2	1	2	07AsHuMuKu.10
6491.349	0.005	0	2	1	2	1	2	0	0	0	1	0	1	07AsHuMuKu.11
6573.837	0.005	0	2	1	2	2	1	0	0	0	1	1	0	07AsHuMuKu.12
6589.412	0.005	0	2	1	2	2	0	0	0	0	1	1	1	07AsHuMuKu.13
6945.877	0.005	1	2	0	0	0	0	0	0	0	1	0	1	07AsHuMuKu.14
6974.252	0.005	1	2	0	1	1	1	0	0	0	1	1	0	07AsHuMuKu.15
7004.803	0.005	1	2	0	1	1	0	0	0	0	1	1	1	07AsHuMuKu.16
7039.362	0.005	1	2	0	1	0	1	0	0	0	0	0	0	07AsHuMuKu.17
7066.839	0.005	1	2	0	2	1	2	0	0	0	1	1	1	07AsHuMuKu.18
7077.529	0.005	1	2	0	2	0	2	0	0	0	1	0	1	07AsHuMuKu.19
7105.518	0.005	1	2	0	2	1	1	0	0	0	1	1	0	07AsHuMuKu.20
2946.805	0.005	1	0	0	0	0	0	0	0	0	1	0	1	07AsHuMuKu.21
3003.279	0.005	1	0	0	1	1	0	0	0	0	1	1	1	07AsHuMuKu.22
3038.182	0.005	1	0	0	1	0	1	0	0	0	0	0	0	07AsHuMuKu.23
3068.85	0.005	1	0	0	2	1	2	0	0	0	1	1	1	07AsHuMuKu.24
3077.611	0.005	1	0	0	2	0	2	0	0	0	1	0	1	07AsHuMuKu.25
3094.671	0.005	1	0	0	2	1	1	0	0	0	1	1	0	07AsHuMuKu.26
3164.118	0.005	1	0	0	2	2	0	0	0	0	1	0	1	07AsHuMuKu.27
5.203171	0.000005	0	0	0	2	2	0	0	0	0	2	2	1	09YoMaMoTa.01
12.422638	0.000005	0	0	0	1	1	0	0	0	0	1	1	1	09YoMaMoTa.02
21.562591	0.000005	0	0	0	3	2	1	0	0	0	3	2	2	09YoMaMoTa.03
45.701106	0.000005	0	0	0	1	0	1	0	0	0	0	0	0	09YoMaMoTa.04
78.829284	0.000005	0	0	0	2	1	2	0	0	0	1	1	1	09YoMaMoTa.05
85.951539	0.000005	0	0	0	2	0	2	0	0	0	1	0	1	09YoMaMoTa.06
103.48253	0.00005	0	0	0	2	1	1	0	0	0	1	1	0	09YoMaMoTa.07
115.20145	0.00005	0	0	0	3	1	3	0	0	0	2	1	2	09YoMaMoTa.08
45.701106	0.000001	0	0	0	1	0	1	0	0	0	0	0	0	08AsRiMuWi.1